ABIESNEP 7 11 13 17 0 10 20 40 60 80 100 120 140 160 180 200 1 1 1 1 1 1
ACERMONO 7 11 13 17 0 10 20 40 60 80 100 120 140 160 180 200 1 1 1 1 1 1
BETULARM 7 12 14 17 0 10 20 40 60 80 100 120 140 160 180 200 1 1 1 1 1 1
BETULPLA 7 10 11 15 0 10 20 40 60 80 100 120 140 150 1 1 1 1 1 1 1 1
FRAXIMAN 7 13 15 22 0 10 20 40 60 80 100 120 140 160 180 200 220 240 260 280 300 1
LARIXOLG 7 12 15 22 0 10 20 40 60 80 100 120 140 160 180 200 220 240 260 280 300 1
PICEAJEZ  7 11 14 22 0 10 20 40 60 80 100 120 140 160 180 200 220 240 260 280 300 1
PINUSKOR 7 12 14 23 0 10 20 40 60 80 100 120 140 160 180 200 220 240 260 280 300 320
POPULDAV 7 10 11 15 0 10 20 40 60 80 100 120 140 150 1 1 1 1 1 1 1 1
PPUMILA 7 11 13 20 0 10 20 40 60 80 100 120 140 160 180 200 220 240 250 1 1 1
QUERCMON 7 12 15 23 0 10 20 40 60 80 100 120 140 160 180 200 220 240 260 280 300 320
TILIAAMU 7 14 16 22 0 10 20 40 60 80 100 120 140 160 180 200 220 240 260 280 300 1
ULMUSPRO 7 13 16 20 0 10 20 40 60 80 100 120 140 160 180 200 220 240 250 1 1 1
